,ID,DateRun,AvgAge,HEX_OID
0,394420,1/24/2017,42.755,1
1,394421,1/24/2017,14.96,2
2,394422,1/24/2017,24.02666667,3
3,394423,1/24/2017,78.88,4
4,394424,1/24/2017,20.51333333,6
5,394425,1/24/2017,38.488,19
6,394426,1/24/2017,53.72,23
7,394427,1/24/2017,43.86,24
8,394428,1/24/2017,4.42,26
9,394429,1/24/2017,32.64,27
10,394430,1/24/2017,11.75428571,28
11,394431,1/24/2017,53.04,29
12,394432,1/24/2017,42.568,30
13,394433,1/24/2017,18.81333333,32
14,394434,1/24/2017,22.44,35
15,394435,1/24/2017,35.02,41
16,394436,1/24/2017,14.28,42
17,394437,1/24/2017,26.52,44
18,394438,1/24/2017,9.52,45
19,394439,1/24/2017,69.36,46
20,394440,1/24/2017,59.16,52
21,394441,1/24/2017,28.87733333,58
22,394442,1/24/2017,14.05333333,60
23,394443,1/24/2017,12.01333333,62
24,394444,1/24/2017,13.26,63
25,394445,1/24/2017,34.0,69
26,394446,1/24/2017,43.29333333,70
27,394447,1/24/2017,20.4,71
28,394448,1/24/2017,14.28,73
29,394449,1/24/2017,16.32,74
30,394450,1/24/2017,55.08,75
31,394451,1/24/2017,8.16,76
32,394452,1/24/2017,25.16,83
33,394453,1/24/2017,20.23,86
34,394454,1/24/2017,2.72,87
35,394455,1/24/2017,30.26,95
36,394456,1/24/2017,34.45333333,96
37,394457,1/24/2017,54.4,97
38,394458,1/24/2017,46.24,98
39,394459,1/24/2017,3.4,99
40,394460,1/24/2017,61.88,102
41,394461,1/24/2017,21.08,103
42,394462,1/24/2017,7.48,105
43,394463,1/24/2017,20.91,108
44,394464,1/24/2017,20.17333333,109
45,394465,1/24/2017,9.52,111
46,394466,1/24/2017,24.82,112
47,394467,1/24/2017,37.17333333,114
48,394468,1/24/2017,30.26,116
49,394469,1/24/2017,49.73714286,119
50,394470,1/24/2017,20.128,122
51,394471,1/24/2017,104.72,125
52,394472,1/24/2017,29.82285714,126
53,394473,1/24/2017,46.92,127
54,394474,1/24/2017,57.8,128
55,394475,1/24/2017,78.03,129
56,394476,1/24/2017,47.26,130
57,394477,1/24/2017,31.96,131
58,394478,1/24/2017,20.4,132
59,394479,1/24/2017,17.68,135
60,394480,1/24/2017,0.68,137
61,394481,1/24/2017,22.44,139
62,394482,1/24/2017,20.4,140
63,394483,1/24/2017,31.53052632,141
64,394484,1/24/2017,54.91,142
65,394485,1/24/2017,41.48,146
66,394486,1/24/2017,5.44,148
67,394487,1/24/2017,52.088,151
68,394488,1/24/2017,26.97333333,152
69,394489,1/24/2017,28.39,153
70,394490,1/24/2017,37.808,154
71,394491,1/24/2017,55.42,155
72,394492,1/24/2017,20.128,156
73,394493,1/24/2017,21.37142857,158
74,394494,1/24/2017,45.288,159
75,394495,1/24/2017,13.6,160
76,394496,1/24/2017,42.67,163
77,394497,1/24/2017,8.16,164
78,394498,1/24/2017,30.26,165
79,394499,1/24/2017,54.74,166
80,394500,1/24/2017,37.17333333,167
81,394501,1/24/2017,12.92,168
82,394502,1/24/2017,4.76,169
83,394503,1/24/2017,4.08,170
84,394504,1/24/2017,62.78666667,171
85,394505,1/24/2017,14.28,178
86,394506,1/24/2017,18.36,181
87,394507,1/24/2017,58.48,182
88,394508,1/24/2017,20.74,183
89,394509,1/24/2017,48.05333333,185
90,394510,1/24/2017,9.52,191
91,394511,1/24/2017,57.8,192
92,394512,1/24/2017,33.388,193
93,394513,1/24/2017,19.26666667,194
94,394514,1/24/2017,6.46,195
95,394515,1/24/2017,49.41333333,197
96,394516,1/24/2017,21.42,198
97,394517,1/24/2017,4.76,211
98,394518,1/24/2017,53.38,212
99,394519,1/24/2017,58.48,213
100,394520,1/24/2017,35.36,214
101,394521,1/24/2017,14.45,215
102,394522,1/24/2017,11.56,216
103,394523,1/24/2017,3.4,225
104,394524,1/24/2017,66.64,229
105,394525,1/24/2017,43.35,230
106,394526,1/24/2017,24.70666667,231
107,394527,1/24/2017,98.6,238
108,394528,1/24/2017,16.32,240
109,394529,1/24/2017,8.16,241
110,394530,1/24/2017,54.4,244
111,394531,1/24/2017,45.22,245
112,394532,1/24/2017,3.4,257
113,394533,1/24/2017,43.52,258
114,394534,1/24/2017,2.72,275
115,394535,1/24/2017,4.08,296
116,394536,1/24/2017,8.16,299
117,394537,1/24/2017,7.48,315
118,394538,1/24/2017,4.76,325
119,394539,1/24/2017,31.62,342
120,394540,1/24/2017,2.72,352
121,394541,1/24/2017,8.5,353
122,394542,1/24/2017,66.64,356
123,394543,1/24/2017,12.92,363
124,394544,1/24/2017,8.16,373
125,394545,1/24/2017,32.64,374
126,394546,1/24/2017,11.56,376
127,394547,1/24/2017,33.32,377
128,394548,1/24/2017,35.87,378
129,394549,1/24/2017,15.3,379
130,394550,1/24/2017,28.9,380
131,394551,1/24/2017,48.96,381
132,394552,1/24/2017,4.76,394
133,394553,1/24/2017,77.52,395
134,394554,1/24/2017,27.88,401
135,394555,1/24/2017,60.06666667,402
136,394556,1/24/2017,25.16,403
137,394557,1/24/2017,7.82,416
138,394558,1/24/2017,8.84,422
139,394559,1/24/2017,25.84,425
140,394560,1/24/2017,18.02,426
141,394561,1/24/2017,43.52,427
142,394562,1/24/2017,41.31,428
143,394563,1/24/2017,28.56,429
144,394564,1/24/2017,80.24,431
145,394565,1/24/2017,7.14,432
146,394566,1/24/2017,46.92,433
147,394567,1/24/2017,3.4,440
148,394568,1/24/2017,81.94,450
149,394569,1/24/2017,39.1,451
150,394570,1/24/2017,9.52,452
151,394571,1/24/2017,38.34153846,453
152,394572,1/24/2017,34.476,454
153,394573,1/24/2017,17.68,455
154,394574,1/24/2017,31.96,471
155,394575,1/24/2017,81.6,473
156,394576,1/24/2017,17.79333333,474
157,394577,1/24/2017,22.27,475
158,394578,1/24/2017,36.55,476
159,394579,1/24/2017,14.28,477
160,394580,1/24/2017,59.5,478
161,394581,1/24/2017,17.0,491
162,394582,1/24/2017,52.02,493
163,394583,1/24/2017,2.04,494
164,394584,1/24/2017,61.88,495
165,394585,1/24/2017,35.53,496
166,394586,1/24/2017,26.18,497
167,394587,1/24/2017,0.68,509
168,394588,1/24/2017,33.54666667,510
169,394589,1/24/2017,46.46666667,511
170,394590,1/24/2017,52.36,512
171,394591,1/24/2017,38.42,513
172,394592,1/24/2017,9.973333333,514
173,394593,1/24/2017,12.92,515
174,394594,1/24/2017,39.44,516
175,394595,1/24/2017,52.36,517
176,394596,1/24/2017,44.37,519
177,394597,1/24/2017,26.52,524
178,394598,1/24/2017,4.08,532
179,394599,1/24/2017,67.09333333,536
180,394600,1/24/2017,68.68,539
181,394601,1/24/2017,20.06,540
182,394602,1/24/2017,25.84,541
183,394603,1/24/2017,43.52,542
184,394604,1/24/2017,42.84,546
185,394605,1/24/2017,48.28,547
186,394606,1/24/2017,54.06,549
187,394607,1/24/2017,50.32,550
188,394608,1/24/2017,42.16,551
189,394609,1/24/2017,19.38,552
190,394610,1/24/2017,17.0,553
191,394611,1/24/2017,36.72,554
192,394612,1/24/2017,30.94,555
193,394613,1/24/2017,47.26,556
194,394614,1/24/2017,48.45,558
195,394615,1/24/2017,38.08,559
196,394616,1/24/2017,45.56,560
197,394617,1/24/2017,74.8,566
198,394618,1/24/2017,48.28,568
199,394619,1/24/2017,52.275,570
200,394620,1/24/2017,52.7,572
201,394621,1/24/2017,61.88,574
202,394622,1/24/2017,24.82,576
203,394623,1/24/2017,56.27,577
204,394624,1/24/2017,34.34,581
205,394625,1/24/2017,19.72,582
206,394626,1/24/2017,27.39428571,583
207,394627,1/24/2017,31.96,584
208,394628,1/24/2017,46.92,585
209,394629,1/24/2017,34.85,586
210,394630,1/24/2017,14.05333333,587
211,394631,1/24/2017,18.7,589
212,394632,1/24/2017,20.85333333,590
213,394633,1/24/2017,9.633333333,591
214,394634,1/24/2017,36.72,592
215,394635,1/24/2017,39.19272727,593
216,394636,1/24/2017,40.8,594
217,394637,1/24/2017,47.6,595
218,394638,1/24/2017,39.34285714,596
219,394639,1/24/2017,62.56,597
220,394640,1/24/2017,37.06,598
221,394641,1/24/2017,16.66,603
222,394642,1/24/2017,19.04,606
223,394643,1/24/2017,27.2,607
224,394644,1/24/2017,24.82,609
225,394645,1/24/2017,43.52,610
226,394646,1/24/2017,19.72,613
227,394647,1/24/2017,38.42,614
228,394648,1/24/2017,31.18285714,615
229,394649,1/24/2017,37.06,617
230,394650,1/24/2017,32.64,622
231,394651,1/24/2017,15.86666667,623
232,394652,1/24/2017,16.09333333,624
233,394653,1/24/2017,16.592,625
234,394654,1/24/2017,16.592,626
235,394655,1/24/2017,30.07111111,627
236,394656,1/24/2017,51.61818182,628
237,394657,1/24/2017,30.11428571,629
238,394658,1/24/2017,2.72,632
239,394659,1/24/2017,16.32,633
240,394660,1/24/2017,14.96,634
241,394661,1/24/2017,31.28,635
242,394662,1/24/2017,42.16,636
243,394663,1/24/2017,1.36,637
244,394664,1/24/2017,19.992,638
245,394665,1/24/2017,32.86666667,639
246,394666,1/24/2017,70.26666667,640
247,394667,1/24/2017,39.78,641
248,394668,1/24/2017,81.14666667,642
249,394669,1/24/2017,63.24,645
250,394670,1/24/2017,58.02666667,646
251,394671,1/24/2017,4.76,647
252,394672,1/24/2017,63.41,648
253,394673,1/24/2017,68.0,649
254,394674,1/24/2017,42.5,651
255,394675,1/24/2017,14.28,652
256,394676,1/24/2017,30.328,653
257,394677,1/24/2017,34.90666667,658
258,394678,1/24/2017,6.12,659
259,394679,1/24/2017,30.50285714,661
260,394680,1/24/2017,31.18285714,662
261,394681,1/24/2017,18.26285714,665
262,394682,1/24/2017,9.52,666
263,394683,1/24/2017,38.08,667
264,394684,1/24/2017,42.84,669
265,394685,1/24/2017,10.37,671
266,394686,1/24/2017,56.78,674
267,394687,1/24/2017,64.29777778,675
268,394688,1/24/2017,76.296,676
269,394689,1/24/2017,23.12,678
270,394690,1/24/2017,24.48,680
271,394691,1/24/2017,22.44,682
272,394692,1/24/2017,59.16,683
273,394693,1/24/2017,38.42,684
274,394694,1/24/2017,49.3,686
275,394695,1/24/2017,2.72,688
276,394696,1/24/2017,3.74,689
277,394697,1/24/2017,19.312,691
278,394698,1/24/2017,49.64,699
279,394699,1/24/2017,29.376,700
280,394700,1/24/2017,0.68,701
281,394701,1/24/2017,43.52,702
282,394702,1/24/2017,64.6,707
283,394703,1/24/2017,30.6,711
284,394704,1/24/2017,71.06,712
285,394705,1/24/2017,104.72,713
286,394706,1/24/2017,27.88,714
287,394707,1/24/2017,12.92,716
288,394708,1/24/2017,5.44,719
289,394709,1/24/2017,30.6,720
290,394710,1/24/2017,28.696,721
291,394711,1/24/2017,27.88,722
292,394712,1/24/2017,14.66857143,723
293,394713,1/24/2017,0.68,724
294,394714,1/24/2017,48.365,725
295,394715,1/24/2017,64.6,726
296,394716,1/24/2017,4.896,728
297,394717,1/24/2017,6.12,730
298,394718,1/24/2017,27.2,731
299,394719,1/24/2017,8.613333333,735
300,394720,1/24/2017,32.3,737
301,394721,1/24/2017,62.56,738
302,394722,1/24/2017,4.76,739
303,394723,1/24/2017,39.1,740
304,394724,1/24/2017,82.28,741
305,394725,1/24/2017,6.664,742
306,394726,1/24/2017,17.68,744
307,394727,1/24/2017,20.17333333,745
308,394728,1/24/2017,22.95,746
309,394729,1/24/2017,18.81333333,747
310,394730,1/24/2017,21.76,750
311,394731,1/24/2017,25.5,755
312,394732,1/24/2017,24.14,757
313,394733,1/24/2017,38.76,758
314,394734,1/24/2017,25.296,759
315,394735,1/24/2017,23.8,760
316,394736,1/24/2017,55.76,762
317,394737,1/24/2017,30.26,763
318,394738,1/24/2017,8.296,767
319,394739,1/24/2017,18.36,769
320,394740,1/24/2017,33.49,772
321,394741,1/24/2017,23.49777778,773
322,394742,1/24/2017,57.8,774
323,394743,1/24/2017,30.14666667,781
324,394744,1/24/2017,62.56,782
325,394745,1/24/2017,15.64,784
326,394746,1/24/2017,25.38666667,785
327,394747,1/24/2017,53.26666667,788
328,394748,1/24/2017,47.6,791
329,394749,1/24/2017,14.62,795
330,394750,1/24/2017,5.44,797
331,394751,1/24/2017,4.42,800
332,394752,1/24/2017,22.44,802
333,394753,1/24/2017,49.504,811
334,394754,1/24/2017,51.0,812
335,394755,1/24/2017,27.88,813
336,394756,1/24/2017,6.12,814
337,394757,1/24/2017,44.2,816
338,394758,1/24/2017,44.88,817
339,394759,1/24/2017,28.22,824
340,394760,1/24/2017,9.52,825
341,394761,1/24/2017,36.72,827
342,394762,1/24/2017,3.06,828
343,394763,1/24/2017,8.84,838
344,394764,1/24/2017,43.52,840
345,394765,1/24/2017,17.45333333,842
346,394766,1/24/2017,41.48,844
347,394767,1/24/2017,0.68,845
348,394768,1/24/2017,49.64,849
349,394769,1/24/2017,40.12,850
350,394770,1/24/2017,43.52,851
351,394771,1/24/2017,4.08,854
352,394772,1/24/2017,33.32,855
353,394773,1/24/2017,25.84,856
354,394774,1/24/2017,22.1,857
355,394775,1/24/2017,30.872,858
356,394776,1/24/2017,11.39,861
357,394777,1/24/2017,18.7,863
358,394778,1/24/2017,3.4,864
359,394779,1/24/2017,28.78666667,865
360,394780,1/24/2017,5.1,868
361,394781,1/24/2017,29.46666667,869
362,394782,1/24/2017,29.80666667,870
363,394783,1/24/2017,42.5,871
364,394784,1/24/2017,27.336,872
365,394785,1/24/2017,36.26666667,873
366,394786,1/24/2017,15.64,874
367,394787,1/24/2017,40.936,875
368,394788,1/24/2017,17.68,876
369,394789,1/24/2017,17.544,878
370,394790,1/24/2017,7.48,879
371,394791,1/24/2017,2.04,882
372,394792,1/24/2017,2.04,883
373,394793,1/24/2017,35.496,884
374,394794,1/24/2017,36.91428571,888
375,394795,1/24/2017,33.77333333,898
376,394796,1/24/2017,30.6,900
377,394797,1/24/2017,13.872,901
378,394798,1/24/2017,6.8,904
379,394799,1/24/2017,27.88,905
380,394800,1/24/2017,28.288,906
381,394801,1/24/2017,2.72,907
382,394802,1/24/2017,36.94666667,909
383,394803,1/24/2017,41.48,919
384,394804,1/24/2017,16.32,920
385,394805,1/24/2017,51.0,927
386,394806,1/24/2017,18.36,929
387,394807,1/24/2017,38.08,931
388,394808,1/24/2017,27.2,933
389,394809,1/24/2017,0.68,953
390,394810,1/24/2017,31.96,957
391,394811,1/24/2017,37.4,977
392,394812,1/24/2017,4.76,998
393,394813,1/24/2017,38.08,1026
394,394814,1/24/2017,12.92,1039
395,394815,1/24/2017,10.2,1040
396,394816,1/24/2017,4.42,1045
397,394817,1/24/2017,11.56,1046
398,394818,1/24/2017,14.96,1047
399,394819,1/24/2017,1.36,1086
400,394820,1/24/2017,8.84,1091
401,394821,1/24/2017,3.4,1101
402,394822,1/24/2017,14.28,1105
403,394823,1/24/2017,31.28,1106
404,394824,1/24/2017,45.56,1130
405,394825,1/24/2017,25.16,1131
406,394826,1/24/2017,13.6,1150
407,394827,1/24/2017,5.44,1158
408,394828,1/24/2017,6.8,1159
409,394829,1/24/2017,5.44,1160
410,394830,1/24/2017,33.32,1166
411,394831,1/24/2017,27.88,1181
412,394832,1/24/2017,17.68,1186
413,394833,1/24/2017,35.36,1219
414,394834,1/24/2017,8.16,1224
415,394835,1/24/2017,14.96,1227
416,394836,1/24/2017,11.22,1235
417,394837,1/24/2017,53.04,1244
418,394838,1/24/2017,44.2,1250
419,394839,1/24/2017,29.92,1263
420,394840,1/24/2017,41.48,1266
421,394841,1/24/2017,49.64,1268
422,394842,1/24/2017,45.22,1270
423,394843,1/24/2017,46.92,1279
424,394844,1/24/2017,33.592,1281
425,394845,1/24/2017,45.33333333,1284
426,394846,1/24/2017,42.33,1288
427,394847,1/24/2017,20.4,1289
428,394848,1/24/2017,17.38857143,1292
429,394849,1/24/2017,14.28,1293
430,394850,1/24/2017,17.0,1296
431,394851,1/24/2017,27.2,1301
432,394852,1/24/2017,27.2,1306
433,394853,1/24/2017,10.2,1316
434,394854,1/24/2017,12.92,1326
435,394855,1/24/2017,29.92,1363
436,394856,1/24/2017,34.0,1368
437,394857,1/24/2017,4.08,1379
438,394858,1/24/2017,7.48,1392
439,394859,1/24/2017,21.98666667,1399
440,394860,1/24/2017,36.72,1400
441,394861,1/24/2017,40.12,1401
442,394862,1/24/2017,22.848,1404
443,394863,1/24/2017,37.4,1405
444,394864,1/24/2017,23.8,1406
445,394865,1/24/2017,53.04,1407
446,394866,1/24/2017,23.57333333,1408
447,394867,1/24/2017,4.76,1411
448,394868,1/24/2017,50.184,1412
449,394869,1/24/2017,71.62666667,1413
450,394870,1/24/2017,42.84,1415
451,394871,1/24/2017,50.32,1417
452,394872,1/24/2017,12.24,1438
453,394873,1/24/2017,71.4,1439
454,394874,1/24/2017,21.42,1442
455,394875,1/24/2017,17.22666667,1445
456,394876,1/24/2017,0.68,1447
457,394877,1/24/2017,32.64,1452
458,394878,1/24/2017,30.26,1453
459,394879,1/24/2017,9.52,1457
460,394880,1/24/2017,26.52,1464
461,394881,1/24/2017,65.28,1465
462,394882,1/24/2017,28.56,1466
463,394883,1/24/2017,28.56,1468
464,394884,1/24/2017,10.2,1469
465,394885,1/24/2017,29.92,1496
466,394886,1/24/2017,31.05333333,1497
467,394887,1/24/2017,45.56,1498
468,394888,1/24/2017,40.12,1501
469,394889,1/24/2017,78.88,1502
470,394890,1/24/2017,20.74,1503
471,394891,1/24/2017,8.84,1504
472,394892,1/24/2017,38.08,1505
473,394893,1/24/2017,4.08,1506
474,394894,1/24/2017,32.3,1507
475,394895,1/24/2017,53.04,1508
476,394896,1/24/2017,36.312,1509
477,394897,1/24/2017,14.28,1510
478,394898,1/24/2017,44.65333333,1511
479,394899,1/24/2017,59.704,1512
480,394900,1/24/2017,62.56,1516
481,394901,1/24/2017,27.54,1517
482,394902,1/24/2017,39.66666667,1519
483,394903,1/24/2017,22.44,1523
484,394904,1/24/2017,12.92,1527
485,394905,1/24/2017,2.72,1529
486,394906,1/24/2017,21.08,1530
487,394907,1/24/2017,1.36,1537
488,394908,1/24/2017,5.666666667,1554
489,394909,1/24/2017,12.24,1555
490,394910,1/24/2017,2.55,1556
491,394911,1/24/2017,66.64,1560
492,394912,1/24/2017,14.96,1595
493,394913,1/24/2017,5.44,1603
494,394914,1/24/2017,4.76,1604
495,394915,1/24/2017,7.48,1610
496,394916,1/24/2017,27.88,1614
497,394917,1/24/2017,6.12,1621
498,394918,1/24/2017,28.44666667,1624
499,394919,1/24/2017,18.02,1625
500,394920,1/24/2017,6.8,1626
501,394921,1/24/2017,34.0,1627
502,394922,1/24/2017,35.768,1628
503,394923,1/24/2017,16.15,1629
504,394924,1/24/2017,48.28,1630
505,394925,1/24/2017,25.16,1631
506,394926,1/24/2017,31.96,1632
507,394927,1/24/2017,36.26666667,1634
508,394928,1/24/2017,34.0,1635
509,394929,1/24/2017,33.592,1637
510,394930,1/24/2017,49.64,1638
511,394931,1/24/2017,9.52,1640
512,394932,1/24/2017,34.0,1641
513,394933,1/24/2017,23.29,1642
514,394934,1/24/2017,9.52,1644
515,394935,1/24/2017,11.22,1646
516,394936,1/24/2017,8.16,1650
517,394937,1/24/2017,31.28,1651
518,394938,1/24/2017,27.88,1686
519,394939,1/24/2017,24.48,1695
520,394940,1/24/2017,8.16,1697
521,394941,1/24/2017,66.64,1698
522,394942,1/24/2017,42.84,1699
523,394943,1/24/2017,24.48,1700
524,394944,1/24/2017,49.64,1704
525,394945,1/24/2017,6.12,1705
526,394946,1/24/2017,66.64,1709
527,394947,1/24/2017,29.92,1712
528,394948,1/24/2017,14.96,1713
529,394949,1/24/2017,19.94666667,1714
530,394950,1/24/2017,37.06,1732
531,394951,1/24/2017,46.92,1750
532,394952,1/24/2017,52.36,1752
533,394953,1/24/2017,82.96,1755
534,394954,1/24/2017,49.98,1758
535,394955,1/24/2017,31.96,1761
536,394956,1/24/2017,47.6,1762
537,394957,1/24/2017,31.50666667,1764
538,394958,1/24/2017,60.52,1766
539,394959,1/24/2017,27.2,1767
540,394960,1/24/2017,12.92,1769
541,394961,1/24/2017,3.4,1770
542,394962,1/24/2017,37.4,1771
543,394963,1/24/2017,41.82,1772
544,394964,1/24/2017,2.04,1773
545,394965,1/24/2017,35.36,1774
546,394966,1/24/2017,11.10666667,1776
547,394967,1/24/2017,56.78,1777
548,394968,1/24/2017,61.2,1778
549,394969,1/24/2017,16.54666667,1779
550,394970,1/24/2017,22.44,1780
551,394971,1/24/2017,53.91428571,1781
552,394972,1/24/2017,30.26,1782
553,394973,1/24/2017,64.14666667,1783
554,394974,1/24/2017,40.12,1784
555,394975,1/24/2017,42.432,1785
556,394976,1/24/2017,53.04,1786
557,394977,1/24/2017,64.6,1787
558,394978,1/24/2017,28.05,1789
559,394979,1/24/2017,51.09714286,1790
560,394980,1/24/2017,18.36,1791
561,394981,1/24/2017,13.6,1800
562,394982,1/24/2017,3.4,1808
563,394983,1/24/2017,43.52,1814
564,394984,1/24/2017,10.2,1820
565,394985,1/24/2017,3.4,1822
566,394986,1/24/2017,2.72,1828
567,394987,1/24/2017,5.44,1832
568,394988,1/24/2017,3.4,1833
569,394989,1/24/2017,20.4,1834
570,394990,1/24/2017,4.76,1865
571,394991,1/24/2017,4.08,1875
572,394992,1/24/2017,1.36,1877
573,394993,1/24/2017,1.36,1896
574,394994,1/24/2017,6.8,1898
575,394995,1/24/2017,4.08,1900
576,394996,1/24/2017,7.48,1906
577,394997,1/24/2017,14.28,1908
578,394998,1/24/2017,2.72,1909
579,394999,1/24/2017,22.44,1910
580,395000,1/24/2017,36.312,1911
581,395001,1/24/2017,62.9,1912
582,395002,1/24/2017,31.11,1913
583,395003,1/24/2017,48.28,1914
584,395004,1/24/2017,10.2,1915
585,395005,1/24/2017,2.72,1916
586,395006,1/24/2017,60.112,1917
587,395007,1/24/2017,19.72,1918
588,395008,1/24/2017,59.84,1921
589,395009,1/24/2017,34.58285714,1922
590,395010,1/24/2017,53.94666667,1923
591,395011,1/24/2017,36.60666667,1924
592,395012,1/24/2017,28.9,1925
593,395013,1/24/2017,14.824,1926
594,395014,1/24/2017,58.14,1927
595,395015,1/24/2017,68.0,1928
596,395016,1/24/2017,41.96571429,1929
597,395017,1/24/2017,48.6625,1930
598,395018,1/24/2017,53.55,1931
599,395019,1/24/2017,39.78,1932
600,395020,1/24/2017,62.56,1933
601,395021,1/24/2017,9.18,1934
602,395022,1/24/2017,26.52,1935
603,395023,1/24/2017,34.68,1936
604,395024,1/24/2017,34.34,1937
605,395025,1/24/2017,57.8,1938
606,395026,1/24/2017,44.88,1939
607,395027,1/24/2017,65.28,1941
608,395028,1/24/2017,41.65,1942
609,395029,1/24/2017,34.0,1943
610,395030,1/24/2017,10.88,1944
611,395031,1/24/2017,9.18,1945
612,395032,1/24/2017,54.06,1946
613,395033,1/24/2017,18.02,1947
614,395034,1/24/2017,17.68,1948
615,395035,1/24/2017,62.56,1949
616,395036,1/24/2017,16.32,1950
617,395037,1/24/2017,21.76,1951
618,395038,1/24/2017,15.64,1952
619,395039,1/24/2017,36.72,1953
620,395040,1/24/2017,43.52,1954
621,395041,1/24/2017,29.376,1955
622,395042,1/24/2017,66.64,1956
623,395043,1/24/2017,50.32,1957
624,395044,1/24/2017,22.44,1958
625,395045,1/24/2017,25.67,1959
626,395046,1/24/2017,11.56,1960
627,395047,1/24/2017,13.94,1961
628,395048,1/24/2017,42.84,1965
629,395049,1/24/2017,2.72,1968
630,395050,1/24/2017,29.24,1970
631,395051,1/24/2017,22.44,1995
632,395052,1/24/2017,53.72,2051
633,395053,1/24/2017,36.04,2052
634,395054,1/24/2017,61.88,2054
635,395055,1/24/2017,23.12,2055
636,395056,1/24/2017,10.88,2056
637,395057,1/24/2017,45.56,2060
638,395058,1/24/2017,18.36,2061
639,395059,1/24/2017,31.96,2062
640,395060,1/24/2017,30.6,2064
641,395061,1/24/2017,113.56,2066
642,395062,1/24/2017,32.64,2067
643,395063,1/24/2017,9.52,2068
644,395064,1/24/2017,66.64,2069
645,395065,1/24/2017,41.48,2071
646,395066,1/24/2017,65.96,2072
647,395067,1/24/2017,17.68,2074
648,395068,1/24/2017,2.72,2075
649,395069,1/24/2017,24.48,2076
650,395070,1/24/2017,55.08,2077
651,395071,1/24/2017,0.68,2078
652,395072,1/24/2017,44.65333333,2079
653,395073,1/24/2017,24.99,2080
654,395074,1/24/2017,50.66,2081
655,395075,1/24/2017,35.02,2082
656,395076,1/24/2017,43.945,2083
657,395077,1/24/2017,15.64,2084
658,395078,1/24/2017,21.76,2085
659,395079,1/24/2017,0.68,2087
660,395080,1/24/2017,43.35,2088
661,395081,1/24/2017,41.82,2089
662,395082,1/24/2017,47.98857143,2090
663,395083,1/24/2017,18.24666667,2091
664,395084,1/24/2017,62.56,2092
665,395085,1/24/2017,48.416,2093
666,395086,1/24/2017,64.94,2094
667,395087,1/24/2017,18.13333333,2095
668,395088,1/24/2017,35.36,2097
669,395089,1/24/2017,12.24,2098
670,395090,1/24/2017,18.496,2099
671,395091,1/24/2017,30.6,2104
672,395092,1/24/2017,8.16,2122
673,395093,1/24/2017,10.88,2125
674,395094,1/24/2017,7.82,2127
675,395095,1/24/2017,1.87,2154
676,395096,1/24/2017,12.92,2155
677,395097,1/24/2017,28.56,2159
678,395098,1/24/2017,2.72,2163
679,395099,1/24/2017,17.0,2171
680,395100,1/24/2017,13.6,2172
681,395101,1/24/2017,12.69333333,2179
682,395102,1/24/2017,25.38666667,2181
683,395103,1/24/2017,2.72,2182
684,395104,1/24/2017,3.4,2186
685,395105,1/24/2017,31.96,2190
686,395106,1/24/2017,65.96,2191
687,395107,1/24/2017,48.824,2192
688,395108,1/24/2017,49.64,2193
689,395109,1/24/2017,33.70857143,2194
690,395110,1/24/2017,37.4,2195
691,395111,1/24/2017,2.04,2196
692,395112,1/24/2017,18.02,2197
693,395113,1/24/2017,30.74571429,2198
694,395114,1/24/2017,24.65,2199
695,395115,1/24/2017,51.85,2200
696,395116,1/24/2017,66.64,2201
697,395117,1/24/2017,31.73333333,2202
698,395118,1/24/2017,51.34,2203
699,395119,1/24/2017,51.0,2204
700,395120,1/24/2017,42.5,2205
701,395121,1/24/2017,9.52,2206
702,395122,1/24/2017,55.08,2207
703,395123,1/24/2017,48.96,2208
704,395124,1/24/2017,17.0,2209
705,395125,1/24/2017,46.75,2210
706,395126,1/24/2017,44.064,2211
707,395127,1/24/2017,41.565,2212
708,395128,1/24/2017,28.73,2213
709,395129,1/24/2017,48.79,2214
710,395130,1/24/2017,41.82,2215
711,395131,1/24/2017,20.17333333,2216
712,395132,1/24/2017,40.23333333,2217
713,395133,1/24/2017,50.728,2218
714,395134,1/24/2017,52.7,2220
715,395135,1/24/2017,42.16,2221
716,395136,1/24/2017,58.25333333,2222
717,395137,1/24/2017,41.82,2224
718,395138,1/24/2017,81.6,2225
719,395139,1/24/2017,19.72,2228
720,395140,1/24/2017,90.44,2229
721,395141,1/24/2017,18.904,2232
722,395142,1/24/2017,78.88,2233
723,395143,1/24/2017,50.83,2234
724,395144,1/24/2017,43.97333333,2235
725,395145,1/24/2017,42.84,2237
726,395146,1/24/2017,2.04,2305
727,395147,1/24/2017,91.12,2319
728,395148,1/24/2017,49.912,2320
729,395149,1/24/2017,33.09333333,2321
730,395150,1/24/2017,19.72,2323
731,395151,1/24/2017,48.28,2324
732,395152,1/24/2017,51.29142857,2325
733,395153,1/24/2017,51.0,2326
734,395154,1/24/2017,68.34,2327
735,395155,1/24/2017,49.98,2329
736,395156,1/24/2017,31.688,2330
737,395157,1/24/2017,36.72,2331
738,395158,1/24/2017,1.36,2332
739,395159,1/24/2017,13.94,2334
740,395160,1/24/2017,39.44,2335
741,395161,1/24/2017,51.0,2336
742,395162,1/24/2017,12.69333333,2337
743,395163,1/24/2017,51.816,2338
744,395164,1/24/2017,35.87,2339
745,395165,1/24/2017,21.98666667,2340
746,395166,1/24/2017,21.08,2341
747,395167,1/24/2017,35.47333333,2342
748,395168,1/24/2017,41.344,2343
749,395169,1/24/2017,52.36,2344
750,395170,1/24/2017,51.68,2347
751,395171,1/24/2017,32.34857143,2348
752,395172,1/24/2017,63.92,2350
753,395173,1/24/2017,32.164,2351
754,395174,1/24/2017,81.6,2352
755,395175,1/24/2017,31.96,2354
756,395176,1/24/2017,43.928,2355
757,395177,1/24/2017,43.69,2357
758,395178,1/24/2017,16.15,2358
759,395179,1/24/2017,23.99428571,2359
760,395180,1/24/2017,24.208,2360
761,395181,1/24/2017,27.472,2361
762,395182,1/24/2017,23.29,2362
763,395183,1/24/2017,4.76,2364
764,395184,1/24/2017,0.68,2370
765,395185,1/24/2017,34.0,2373
766,395186,1/24/2017,31.28,2375
767,395187,1/24/2017,4.76,2377
768,395188,1/24/2017,43.928,2397
769,395189,1/24/2017,62.9,2398
770,395190,1/24/2017,37.62666667,2399
771,395191,1/24/2017,49.47,2400
772,395192,1/24/2017,31.28,2402
773,395193,1/24/2017,38.93,2404
774,395194,1/24/2017,28.56,2405
775,395195,1/24/2017,66.64,2407
776,395196,1/24/2017,60.52,2409
777,395197,1/24/2017,43.52,2410
778,395198,1/24/2017,26.86,2411
779,395199,1/24/2017,57.12,2412
780,395200,1/24/2017,29.58,2413
781,395201,1/24/2017,43.52,2414
782,395202,1/24/2017,39.63428571,2415
783,395203,1/24/2017,86.36,2416
784,395204,1/24/2017,46.92,2417
785,395205,1/24/2017,32.98,2418
786,395206,1/24/2017,93.84,2419
787,395207,1/24/2017,24.82,2420
788,395208,1/24/2017,52.02,2421
789,395209,1/24/2017,20.06,2422
790,395210,1/24/2017,14.50666667,2423
791,395211,1/24/2017,37.06,2424
792,395212,1/24/2017,8.84,2425
793,395213,1/24/2017,49.81,2426
794,395214,1/24/2017,37.51333333,2427
795,395215,1/24/2017,23.8,2428
796,395216,1/24/2017,7.48,2429
797,395217,1/24/2017,46.92,2430
798,395218,1/24/2017,84.32,2431
799,395219,1/24/2017,13.6,2433
800,395220,1/24/2017,10.2,2434
801,395221,1/24/2017,48.96,2436
802,395222,1/24/2017,48.96,2438
803,395223,1/24/2017,51.68,2449
804,395224,1/24/2017,73.44,2451
805,395225,1/24/2017,8.16,2453
806,395226,1/24/2017,33.09333333,2455
807,395227,1/24/2017,17.68,2481
808,395228,1/24/2017,34.0,2484
809,395229,1/24/2017,23.8,2493
810,395230,1/24/2017,17.0,2494
811,395231,1/24/2017,42.024,2495
812,395232,1/24/2017,14.28,2496
813,395233,1/24/2017,62.78666667,2497
814,395234,1/24/2017,69.36,2498
815,395235,1/24/2017,38.08,2499
816,395236,1/24/2017,34.68,2501
817,395237,1/24/2017,58.82,2502
818,395238,1/24/2017,28.33333333,2503
819,395239,1/24/2017,81.94,2506
820,395240,1/24/2017,18.36,2507
821,395241,1/24/2017,4.76,2509
822,395242,1/24/2017,45.56,2527
823,395243,1/24/2017,68.0,2528
824,395244,1/24/2017,13.94,2530
825,395245,1/24/2017,20.57,2531
826,395246,1/24/2017,25.84,2536
827,395247,1/24/2017,35.81333333,2539
828,395248,1/24/2017,17.68,2540
829,395249,1/24/2017,59.5,2541
830,395250,1/24/2017,30.6,2544
831,395251,1/24/2017,60.06666667,2545
832,395252,1/24/2017,38.08,2546
833,395253,1/24/2017,38.08,2550
834,395254,1/24/2017,26.29333333,2551
835,395255,1/24/2017,43.86,2552
836,395256,1/24/2017,13.94,2553
837,395257,1/24/2017,54.96666667,2554
838,395258,1/24/2017,13.82666667,2555
839,395259,1/24/2017,28.56,2556
840,395260,1/24/2017,22.92571429,2557
841,395261,1/24/2017,37.09090909,2558
842,395262,1/24/2017,34.68,2559
843,395263,1/24/2017,24.09142857,2560
844,395264,1/24/2017,28.22,2561
845,395265,1/24/2017,80.92,2562
846,395266,1/24/2017,20.91,2563
847,395267,1/24/2017,32.18666667,2564
848,395268,1/24/2017,30.97777778,2565
849,395269,1/24/2017,46.24,2566
850,395270,1/24/2017,49.3,2567
851,395271,1/24/2017,24.14,2568
852,395272,1/24/2017,63.92,2570
853,395273,1/24/2017,83.64,2572
854,395274,1/24/2017,58.25333333,2574
855,395275,1/24/2017,68.68,2575
856,395276,1/24/2017,37.23,2576
857,395277,1/24/2017,17.0,2577
858,395278,1/24/2017,38.76,2578
859,395279,1/24/2017,45.9,2580
860,395280,1/24/2017,31.28,2581
861,395281,1/24/2017,30.94,2588
862,395282,1/24/2017,29.92,2592
863,395283,1/24/2017,27.2,2594
864,395284,1/24/2017,8.16,2595
865,395285,1/24/2017,40.29,2597
866,395286,1/24/2017,51.0,2599
867,395287,1/24/2017,44.50222222,2600
868,395288,1/24/2017,42.5,2601
869,395289,1/24/2017,33.32,2602
870,395290,1/24/2017,8.16,2603
871,395291,1/24/2017,62.56,2605
872,395292,1/24/2017,33.12571429,2607
873,395293,1/24/2017,33.43333333,2608
874,395294,1/24/2017,25.84,2609
875,395295,1/24/2017,46.24,2610
876,395296,1/24/2017,48.28,2611
877,395297,1/24/2017,13.6,2612
878,395298,1/24/2017,4.306666667,2613
879,395299,1/24/2017,12.92,2614
880,395300,1/24/2017,31.50666667,2615
881,395301,1/24/2017,43.18,2616
882,395302,1/24/2017,48.62,2617
883,395303,1/24/2017,27.2,2618
884,395304,1/24/2017,19.04,2619
885,395305,1/24/2017,55.53333333,2620
886,395306,1/24/2017,59.16,2621
887,395307,1/24/2017,17.0,2622
888,395308,1/24/2017,35.36,2623
889,395309,1/24/2017,35.7,2624
890,395310,1/24/2017,30.6,2625
891,395311,1/24/2017,24.48,2626
892,395312,1/24/2017,18.81333333,2627
893,395313,1/24/2017,42.84,2629
894,395314,1/24/2017,41.93333333,2630
895,395315,1/24/2017,51.765,2631
896,395316,1/24/2017,29.69333333,2632
897,395317,1/24/2017,33.456,2633
898,395318,1/24/2017,34.45333333,2634
899,395319,1/24/2017,41.82,2635
900,395320,1/24/2017,19.72,2636
901,395321,1/24/2017,58.25333333,2637
902,395322,1/24/2017,28.78666667,2638
903,395323,1/24/2017,10.54,2640
904,395324,1/24/2017,5.666666667,2642
905,395325,1/24/2017,36.72,2643
906,395326,1/24/2017,10.2,2646
907,395327,1/24/2017,29.58,2647
908,395328,1/24/2017,48.96,2650
909,395329,1/24/2017,46.58,2651
910,395330,1/24/2017,36.55,2652
911,395331,1/24/2017,97.92,2653
912,395332,1/24/2017,13.192,2654
913,395333,1/24/2017,2.04,2656
914,395334,1/24/2017,38.76,2657
915,395335,1/24/2017,0.68,2659
916,395336,1/24/2017,25.5,2660
917,395337,1/24/2017,33.32,2664
918,395338,1/24/2017,22.44,2668
919,395339,1/24/2017,17.68,2669
920,395340,1/24/2017,44.336,2670
921,395341,1/24/2017,69.13333333,2671
922,395342,1/24/2017,73.78,2673
923,395343,1/24/2017,10.2,2674
924,395344,1/24/2017,5.78,2675
925,395345,1/24/2017,14.28,2680
926,395346,1/24/2017,44.2,2681
927,395347,1/24/2017,17.68,2690
928,395348,1/24/2017,55.76,2691
929,395349,1/24/2017,27.54,2692
930,395350,1/24/2017,24.65,2693
931,395351,1/24/2017,48.96,2694
932,395352,1/24/2017,18.36,2695
933,395353,1/24/2017,54.23,2697
934,395354,1/24/2017,52.7,2698
935,395355,1/24/2017,6.12,2699
936,395356,1/24/2017,16.66,2700
937,395357,1/24/2017,19.04,2703
938,395358,1/24/2017,14.96,2706
939,395359,1/24/2017,31.50666667,2708
940,395360,1/24/2017,47.82666667,2709
941,395361,1/24/2017,57.12,2710
942,395362,1/24/2017,60.52,2711
943,395363,1/24/2017,46.01333333,2713
944,395364,1/24/2017,14.08571429,2714
945,395365,1/24/2017,50.32,2715
946,395366,1/24/2017,41.14,2716
947,395367,1/24/2017,38.42,2717
948,395368,1/24/2017,31.28,2718
949,395369,1/24/2017,65.416,2719
950,395370,1/24/2017,63.01333333,2720
951,395371,1/24/2017,51.0,2722
952,395372,1/24/2017,36.72,2723
953,395373,1/24/2017,63.24,2724
954,395374,1/24/2017,29.12666667,2725
955,395375,1/24/2017,11.56,2727
956,395376,1/24/2017,24.02666667,2729
957,395377,1/24/2017,32.028,2730
958,395378,1/24/2017,25.415,2731
959,395379,1/24/2017,53.465,2732
960,395380,1/24/2017,55.25,2733
961,395381,1/24/2017,19.04,2734
962,395382,1/24/2017,38.64666667,2735
963,395383,1/24/2017,61.65333333,2736
964,395384,1/24/2017,50.32,2737
965,395385,1/24/2017,40.57333333,2738
966,395386,1/24/2017,39.21333333,2739
967,395387,1/24/2017,47.26,2740
968,395388,1/24/2017,30.005,2742
969,395389,1/24/2017,85.68,2743
970,395390,1/24/2017,44.455,2744
971,395391,1/24/2017,12.376,2746
972,395392,1/24/2017,27.88,2747
973,395393,1/24/2017,30.22222222,2748
974,395394,1/24/2017,38.93,2749
975,395395,1/24/2017,44.54,2750
976,395396,1/24/2017,38.488,2751
977,395397,1/24/2017,27.2,2752
978,395398,1/24/2017,20.23,2753
979,395399,1/24/2017,21.76,2754
980,395400,1/24/2017,23.8,2755
981,395401,1/24/2017,43.86,2756
982,395402,1/24/2017,24.072,2757
983,395403,1/24/2017,24.02666667,2758
984,395404,1/24/2017,55.42,2759
985,395405,1/24/2017,30.056,2760
986,395406,1/24/2017,37.944,2761
987,395407,1/24/2017,60.97333333,2762
988,395408,1/24/2017,85.0,2763
989,395409,1/24/2017,19.38,2764
990,395410,1/24/2017,29.92,2765
991,395411,1/24/2017,16.66,2766
992,395412,1/24/2017,34.34,2767
993,395413,1/24/2017,46.24,2768
994,395414,1/24/2017,8.16,2769
995,395415,1/24/2017,51.22666667,2770
996,395416,1/24/2017,22.89333333,2771
997,395417,1/24/2017,8.84,2772
998,395418,1/24/2017,46.92,2773
999,395419,1/24/2017,66.64,2774
1000,395420,1/24/2017,66.86666667,2775
1001,395421,1/24/2017,17.68,2776
1002,395422,1/24/2017,81.6,2777
1003,395423,1/24/2017,32.3,2778
1004,395424,1/24/2017,66.64,2780
1005,395425,1/24/2017,57.12,2796
1006,395426,1/24/2017,26.06666667,2798
1007,395427,1/24/2017,2.38,2799
1008,395428,1/24/2017,18.768,2801
1009,395429,1/24/2017,17.85,2804
1010,395430,1/24/2017,32.64,2805
1011,395431,1/24/2017,36.38,2806
1012,395432,1/24/2017,33.77333333,2807
1013,395433,1/24/2017,47.14666667,2808
1014,395434,1/24/2017,29.24,2809
1015,395435,1/24/2017,26.29333333,2810
1016,395436,1/24/2017,30.94,2811
1017,395437,1/24/2017,32.98,2812
1018,395438,1/24/2017,23.8,2813
1019,395439,1/24/2017,32.70181818,2814
1020,395440,1/24/2017,18.16571429,2815
1021,395441,1/24/2017,28.39,2816
1022,395442,1/24/2017,30.94,2817
1023,395443,1/24/2017,35.84571429,2818
1024,395444,1/24/2017,32.232,2819
1025,395445,1/24/2017,39.032,2820
1026,395446,1/24/2017,22.32666667,2821
1027,395447,1/24/2017,34.85,2822
1028,395448,1/24/2017,32.368,2823
1029,395449,1/24/2017,42.61333333,2824
1030,395450,1/24/2017,26.69,2825
1031,395451,1/24/2017,37.128,2826
1032,395452,1/24/2017,42.075,2827
1033,395453,1/24/2017,35.36,2828
1034,395454,1/24/2017,24.072,2829
1035,395455,1/24/2017,29.35333333,2830
1036,395456,1/24/2017,37.4,2831
1037,395457,1/24/2017,42.54857143,2832
1038,395458,1/24/2017,26.01,2833
1039,395459,1/24/2017,23.12,2834
1040,395460,1/24/2017,11.56,2835
1041,395461,1/24/2017,37.88571429,2836
1042,395462,1/24/2017,72.76,2837
1043,395463,1/24/2017,19.04,2838
1044,395464,1/24/2017,28.36571429,2840
1045,395465,1/24/2017,36.72,2842
1046,395466,1/24/2017,42.024,2848
1047,395467,1/24/2017,47.26,2850
1048,395468,1/24/2017,44.948,2851
1049,395469,1/24/2017,48.008,2852
1050,395470,1/24/2017,39.78,2853
1051,395471,1/24/2017,35.13333333,2854
1052,395472,1/24/2017,47.37333333,2855
1053,395473,1/24/2017,59.84,2856
1054,395474,1/24/2017,46.01333333,2857
1055,395475,1/24/2017,20.74,2858
1056,395476,1/24/2017,5.1,2859
1057,395477,1/24/2017,54.74,2860
1058,395478,1/24/2017,22.44,2862
1059,395479,1/24/2017,44.2,2863
1060,395480,1/24/2017,6.346666667,2864
1061,395481,1/24/2017,57.8,2865
1062,395482,1/24/2017,13.26,2867
1063,395483,1/24/2017,17.55636364,2868
1064,395484,1/24/2017,43.74666667,2869
1065,395485,1/24/2017,18.224,2870
1066,395486,1/24/2017,26.52,2871
1067,395487,1/24/2017,14.28,2872
1068,395488,1/24/2017,38.98666667,2873
1069,395489,1/24/2017,23.97,2874
1070,395490,1/24/2017,32.385,2875
1071,395491,1/24/2017,41.65,2877
1072,395492,1/24/2017,64.94,2878
1073,395493,1/24/2017,12.92,2879
1074,395494,1/24/2017,35.768,2880
1075,395495,1/24/2017,16.66,2881
1076,395496,1/24/2017,61.2,2882
1077,395497,1/24/2017,71.85333333,2884
1078,395498,1/24/2017,54.23,2885
1079,395499,1/24/2017,6.8,2886
1080,395500,1/24/2017,39.44,2887
1081,395501,1/24/2017,30.37333333,2888
1082,395502,1/24/2017,44.2,2890
1083,395503,1/24/2017,27.54,2892
1084,395504,1/24/2017,74.8,2895
1085,395505,1/24/2017,27.65333333,2896
1086,395506,1/24/2017,62.152,2898
1087,395507,1/24/2017,27.2,2900
1088,395508,1/24/2017,52.36,2901
1089,395509,1/24/2017,4.08,2902
1090,395510,1/24/2017,48.11,2903
1091,395511,1/24/2017,61.88,2904
1092,395512,1/24/2017,42.16,2905
1093,395513,1/24/2017,31.96,2908
1094,395514,1/24/2017,36.72,2911
1095,395515,1/24/2017,14.28,2913
1096,395516,1/24/2017,37.4,2917
1097,395517,1/24/2017,35.7,2920
1098,395518,1/24/2017,29.92,2922
1099,395519,1/24/2017,46.24,2923
1100,395520,1/24/2017,45.288,2924
1101,395521,1/24/2017,86.02,2925
1102,395522,1/24/2017,65.96,2926
1103,395523,1/24/2017,10.2,2927
1104,395524,1/24/2017,59.16,2928
1105,395525,1/24/2017,56.66666667,2929
1106,395526,1/24/2017,63.92,2930
1107,395527,1/24/2017,60.18,2931
1108,395528,1/24/2017,2.72,2933
1109,395529,1/24/2017,53.38,2935
1110,395530,1/24/2017,75.48,2936
1111,395531,1/24/2017,24.82,2937
1112,395532,1/24/2017,51.68,2939
1113,395533,1/24/2017,4.76,2942
1114,395534,1/24/2017,35.02,2943
1115,395535,1/24/2017,34.0,2945
1116,395536,1/24/2017,27.2,2946
1117,395537,1/24/2017,42.84,2947
1118,395538,1/24/2017,36.26666667,2948
1119,395539,1/24/2017,28.22,2949
1120,395540,1/24/2017,40.12,2950
1121,395541,1/24/2017,23.12,2951
1122,395542,1/24/2017,56.78,2952
1123,395543,1/24/2017,4.533333333,2953
1124,395544,1/24/2017,19.04,2955
1125,395545,1/24/2017,16.456,2957
1126,395546,1/24/2017,9.52,2958
1127,395547,1/24/2017,23.12,2961
1128,395548,1/24/2017,17.68,2964
1129,395549,1/24/2017,38.30666667,2966
1130,395550,1/24/2017,34.51,2970
1131,395551,1/24/2017,19.176,2971
1132,395552,1/24/2017,45.56,2972
1133,395553,1/24/2017,37.128,2973
1134,395554,1/24/2017,24.99,2974
1135,395555,1/24/2017,52.24666667,2975
1136,395556,1/24/2017,39.848,2976
1137,395557,1/24/2017,21.98666667,2977
1138,395558,1/24/2017,41.14,2978
1139,395559,1/24/2017,25.84,2979
1140,395560,1/24/2017,15.47,2980
1141,395561,1/24/2017,26.31076923,2981
1142,395562,1/24/2017,43.18,2982
1143,395563,1/24/2017,21.15555556,2983
1144,395564,1/24/2017,32.18666667,2985
1145,395565,1/24/2017,19.635,2986
1146,395566,1/24/2017,20.91,2988
1147,395567,1/24/2017,31.45,2989
1148,395568,1/24/2017,57.8,2990
1149,395569,1/24/2017,20.4,2991
1150,395570,1/24/2017,28.56,2992
1151,395571,1/24/2017,25.84,2994
1152,395572,1/24/2017,44.65333333,2998
1153,395573,1/24/2017,27.2,3003
1154,395574,1/24/2017,6.8,3005
1155,395575,1/24/2017,49.3,3007
1156,395576,1/24/2017,4.08,3020
1157,395577,1/24/2017,28.10666667,3029
1158,395578,1/24/2017,16.048,3031
1159,395579,1/24/2017,30.464,3035
1160,395580,1/24/2017,17.0,3036
1161,395581,1/24/2017,36.33142857,3038
1162,395582,1/24/2017,14.40363636,3039
1163,395583,1/24/2017,17.68,3040
1164,395584,1/24/2017,17.0,3041
1165,395585,1/24/2017,21.76,3042
1166,395586,1/24/2017,21.08,3043
1167,395587,1/24/2017,17.45333333,3044
1168,395588,1/24/2017,49.64,3045
1169,395589,1/24/2017,64.26,3046
1170,395590,1/24/2017,21.19333333,3047
1171,395591,1/24/2017,24.905,3048
1172,395592,1/24/2017,25.84,3049
1173,395593,1/24/2017,23.324,3050
1174,395594,1/24/2017,33.80571429,3051
1175,395595,1/24/2017,8.84,3052
1176,395596,1/24/2017,36.26666667,3053
1177,395597,1/24/2017,31.13428571,3054
1178,395598,1/24/2017,37.4,3055
1179,395599,1/24/2017,26.88,3056
1180,395600,1/24/2017,56.44,3057
1181,395601,1/24/2017,36.94666667,3059
1182,395602,1/24/2017,41.25333333,3060
1183,395603,1/24/2017,22.44,3062
1184,395604,1/24/2017,16.66,3064
1185,395605,1/24/2017,37.4,3065
1186,395606,1/24/2017,21.76,3066
1187,395607,1/24/2017,0.68,3068
1188,395608,1/24/2017,34.68,3069
1189,395609,1/24/2017,55.42,3070
1190,395610,1/24/2017,23.46,3071
1191,395611,1/24/2017,51.68,3076
1192,395612,1/24/2017,29.24,3077
1193,395613,1/24/2017,41.14,3078
1194,395614,1/24/2017,19.04,3079
1195,395615,1/24/2017,6.12,3081
1196,395616,1/24/2017,61.76666667,3082
1197,395617,1/24/2017,3.4,3083
1198,395618,1/24/2017,48.62,3084
1199,395619,1/24/2017,39.44,3085
1200,395620,1/24/2017,14.28,3086
1201,395621,1/24/2017,47.6,3087
1202,395622,1/24/2017,28.968,3088
1203,395623,1/24/2017,41.616,3089
1204,395624,1/24/2017,21.76,3090
1205,395625,1/24/2017,26.06666667,3092
1206,395626,1/24/2017,26.06666667,3093
1207,395627,1/24/2017,37.4,3094
1208,395628,1/24/2017,53.59636364,3095
1209,395629,1/24/2017,15.64,3096
1210,395630,1/24/2017,45.22,3097
1211,395631,1/24/2017,0.68,3098
1212,395632,1/24/2017,34.68,3099
1213,395633,1/24/2017,34.68,3100
1214,395634,1/24/2017,59.5,3101
1215,395635,1/24/2017,43.86,3102
1216,395636,1/24/2017,3.626666667,3103
1217,395637,1/24/2017,23.34666667,3105
1218,395638,1/24/2017,39.66666667,3106
1219,395639,1/24/2017,77.18,3108
1220,395640,1/24/2017,34.68,3110
1221,395641,1/24/2017,2.72,3111
1222,395642,1/24/2017,10.2,3113
1223,395643,1/24/2017,20.23,3114
1224,395644,1/24/2017,21.53333333,3115
1225,395645,1/24/2017,49.64,3116
1226,395646,1/24/2017,44.37,3118
1227,395647,1/24/2017,47.26,3119
1228,395648,1/24/2017,57.12,3120
1229,395649,1/24/2017,46.104,3121
1230,395650,1/24/2017,45.78666667,3123
1231,395651,1/24/2017,44.88,3124
1232,395652,1/24/2017,64.26,3125
1233,395653,1/24/2017,10.965,3126
1234,395654,1/24/2017,18.36,3127
1235,395655,1/24/2017,50.32,3128
1236,395656,1/24/2017,57.8,3129
1237,395657,1/24/2017,30.94,3130
1238,395658,1/24/2017,52.36,3131
1239,395659,1/24/2017,9.928,3132
1240,395660,1/24/2017,62.22,3133
1241,395661,1/24/2017,64.6,3134
1242,395662,1/24/2017,21.76,3136
1243,395663,1/24/2017,57.12,3137
1244,395664,1/24/2017,76.16,3138
1245,395665,1/24/2017,36.04,3139
1246,395666,1/24/2017,30.26,3142
1247,395667,1/24/2017,9.293333333,3144
1248,395668,1/24/2017,36.04,3147
1249,395669,1/24/2017,59.84,3148
1250,395670,1/24/2017,23.12,3150
1251,395671,1/24/2017,46.24,3152
1252,395672,1/24/2017,22.576,3153
1253,395673,1/24/2017,69.58666667,3154
1254,395674,1/24/2017,70.04,3155
1255,395675,1/24/2017,39.95,3159
1256,395676,1/24/2017,17.68,3161
1257,395677,1/24/2017,18.02,3162
1258,395678,1/24/2017,36.04,3163
1259,395679,1/24/2017,64.6,3166
1260,395680,1/24/2017,39.032,3167
1261,395681,1/24/2017,15.64,3168
1262,395682,1/24/2017,32.64,3169
1263,395683,1/24/2017,27.88,3170
1264,395684,1/24/2017,34.34,3171
1265,395685,1/24/2017,20.74,3172
1266,395686,1/24/2017,38.30666667,3174
1267,395687,1/24/2017,35.02,3179
1268,395688,1/24/2017,42.45142857,3181
1269,395689,1/24/2017,62.9,3182
1270,395690,1/24/2017,40.8,3183
1271,395691,1/24/2017,20.62666667,3184
1272,395692,1/24/2017,33.184,3185
1273,395693,1/24/2017,33.456,3186
1274,395694,1/24/2017,30.6,3187
1275,395695,1/24/2017,25.296,3188
1276,395696,1/24/2017,5.44,3190
1277,395697,1/24/2017,31.96,3192
1278,395698,1/24/2017,0.68,3194
1279,395699,1/24/2017,14.05333333,3197
1280,395700,1/24/2017,13.26,3198
1281,395701,1/24/2017,5.78,3199
1282,395702,1/24/2017,9.52,3201
1283,395703,1/24/2017,0.68,3202
1284,395704,1/24/2017,7.48,3203
1285,395705,1/24/2017,15.232,3211
1286,395706,1/24/2017,12.24,3212
1287,395707,1/24/2017,6.8,3214
1288,395708,1/24/2017,11.78666667,3215
1289,395709,1/24/2017,19.72,3216
1290,395710,1/24/2017,24.25333333,3217
1291,395711,1/24/2017,8.16,3218
1292,395712,1/24/2017,6.664,3219
1293,395713,1/24/2017,7.48,3224
1294,395714,1/24/2017,59.84,3225
1295,395715,1/24/2017,28.56,3226
1296,395716,1/24/2017,41.072,3227
1297,395717,1/24/2017,39.44,3228
1298,395718,1/24/2017,14.79,3229
1299,395719,1/24/2017,81.6,3231
1300,395720,1/24/2017,48.824,3233
1301,395721,1/24/2017,22.78,3239
1302,395722,1/24/2017,8.16,3241
1303,395723,1/24/2017,66.64,3242
1304,395724,1/24/2017,43.18,3243
1305,395725,1/24/2017,38.08,3245
1306,395726,1/24/2017,28.56,3246
1307,395727,1/24/2017,47.14666667,3249
1308,395728,1/24/2017,38.08,3251
1309,395729,1/24/2017,35.768,3252
1310,395730,1/24/2017,60.52,3254
1311,395731,1/24/2017,18.36,3257
1312,395732,1/24/2017,22.44,3258
1313,395733,1/24/2017,2.72,3262
1314,395734,1/24/2017,37.4,3263
1315,395735,1/24/2017,48.28,3264
1316,395736,1/24/2017,35.58666667,3268
1317,395737,1/24/2017,57.12,3269
1318,395738,1/24/2017,40.8,3270
1319,395739,1/24/2017,97.92,3271
1320,395740,1/24/2017,56.44,3274
1321,395741,1/24/2017,26.792,3275
1322,395742,1/24/2017,71.4,3276
1323,395743,1/24/2017,65.96,3277
1324,395744,1/24/2017,4.76,3278
1325,395745,1/24/2017,41.48,3279
1326,395746,1/24/2017,8.16,3280
1327,395747,1/24/2017,28.9,3281
1328,395748,1/24/2017,68.34,3286
1329,395749,1/24/2017,16.66,3289
1330,395750,1/24/2017,57.12,3290
1331,395751,1/24/2017,47.37333333,3291
1332,395752,1/24/2017,42.84,3292
1333,395753,1/24/2017,26.37684211,3293
1334,395754,1/24/2017,23.97,3294
1335,395755,1/24/2017,43.52,3295
1336,395756,1/24/2017,60.52,3296
1337,395757,1/24/2017,13.6,3297
1338,395758,1/24/2017,11.56,3298
1339,395759,1/24/2017,44.2,3300
1340,395760,1/24/2017,43.01,3302
1341,395761,1/24/2017,9.52,3305
1342,395762,1/24/2017,26.52,3306
1343,395763,1/24/2017,34.0,3308
1344,395764,1/24/2017,36.04,3309
1345,395765,1/24/2017,40.63,3310
1346,395766,1/24/2017,19.72,3311
1347,395767,1/24/2017,32.3,3312
1348,395768,1/24/2017,9.52,3313
1349,395769,1/24/2017,32.54285714,3314
1350,395770,1/24/2017,38.08,3315
1351,395771,1/24/2017,16.32,3317
1352,395772,1/24/2017,6.12,3318
1353,395773,1/24/2017,36.04,3324
1354,395774,1/24/2017,36.72,3327
1355,395775,1/24/2017,12.24,3332
1356,395776,1/24/2017,16.864,3333
1357,395777,1/24/2017,5.1,3336
1358,395778,1/24/2017,30.6,3337
1359,395779,1/24/2017,2.72,3338
1360,395780,1/24/2017,15.98,3339
1361,395781,1/24/2017,18.632,3340
1362,395782,1/24/2017,4.76,3343
1363,395783,1/24/2017,21.896,3344
1364,395784,1/24/2017,16.09333333,3345
1365,395785,1/24/2017,3.4,3349
1366,395786,1/24/2017,2.89,3351
1367,395787,1/24/2017,38.42,3352
1368,395788,1/24/2017,19.04,3353
1369,395789,1/24/2017,19.72,3356
1370,395790,1/24/2017,10.2,3357
1371,395791,1/24/2017,23.528,3358
1372,395792,1/24/2017,35.955,3359
1373,395793,1/24/2017,97.92,3360
1374,395794,1/24/2017,31.05333333,3361
1375,395795,1/24/2017,41.25333333,3362
1376,395796,1/24/2017,5.666666667,3363
1377,395797,1/24/2017,6.346666667,3365
1378,395798,1/24/2017,26.8175,3366
1379,395799,1/24/2017,27.2,3367
1380,395800,1/24/2017,46.24,3368
1381,395801,1/24/2017,91.12,3369
1382,395802,1/24/2017,34.0,3371
1383,395803,1/24/2017,60.52,3374
1384,395804,1/24/2017,53.38,3379
1385,395805,1/24/2017,37.06,3384
1386,395806,1/24/2017,42.5,3385
1387,395807,1/24/2017,57.8,3386
1388,395808,1/24/2017,32.64,3388
1389,395809,1/24/2017,35.19,3389
1390,395810,1/24/2017,17.816,3394
1391,395811,1/24/2017,18.36,3395
1392,395812,1/24/2017,41.25333333,3396
1393,395813,1/24/2017,1.7,3397
1394,395814,1/24/2017,37.4,3398
1395,395815,1/24/2017,21.08,3400
1396,395816,1/24/2017,3.06,3404
1397,395817,1/24/2017,4.624,3409
1398,395818,1/24/2017,3.536,3410
1399,395819,1/24/2017,3.808,3413
1400,395820,1/24/2017,1.7,3414
1401,395821,1/24/2017,9.86,3415
1402,395822,1/24/2017,4.76,3416
1403,395823,1/24/2017,24.82,3417
1404,395824,1/24/2017,10.2,3419
1405,395825,1/24/2017,62.56,3422
1406,395826,1/24/2017,14.28,3423
1407,395827,1/24/2017,51.34,3424
1408,395828,1/24/2017,19.72,3425
1409,395829,1/24/2017,31.28,3432
1410,395830,1/24/2017,21.68444444,3433
1411,395831,1/24/2017,40.99428571,3434
1412,395832,1/24/2017,9.52,3435
1413,395833,1/24/2017,11.22,3436
1414,395834,1/24/2017,17.90666667,3437
1415,395835,1/24/2017,4.76,3438
1416,395836,1/24/2017,37.4,3443
1417,395837,1/24/2017,13.6,3444
1418,395838,1/24/2017,18.81333333,3445
1419,395839,1/24/2017,19.04,3446
1420,395840,1/24/2017,17.0,3447
1421,395841,1/24/2017,34.0,3448
1422,395842,1/24/2017,64.6,3449
1423,395843,1/24/2017,26.52,3450
1424,395844,1/24/2017,27.2,3451
1425,395845,1/24/2017,36.72,3452
1426,395846,1/24/2017,37.91,3453
1427,395847,1/24/2017,26.52,3454
1428,395848,1/24/2017,40.392,3455
1429,395849,1/24/2017,8.16,3456
1430,395850,1/24/2017,27.88,3462
1431,395851,1/24/2017,36.89,3466
1432,395852,1/24/2017,49.41333333,3467
1433,395853,1/24/2017,26.52,3468
1434,395854,1/24/2017,36.38,3469
1435,395855,1/24/2017,33.32,3471
1436,395856,1/24/2017,29.92,3472
1437,395857,1/24/2017,12.92,3475
1438,395858,1/24/2017,4.08,3476
1439,395859,1/24/2017,3.4,3479
1440,395860,1/24/2017,75.48,3480
1441,395861,1/24/2017,23.8,3489
1442,395862,1/24/2017,66.64,3496
1443,395863,1/24/2017,44.88,3500
1444,395864,1/24/2017,21.76,3502
1445,395865,1/24/2017,16.32,3503
1446,395866,1/24/2017,15.64,3504
1447,395867,1/24/2017,29.46666667,3510
1448,395868,1/24/2017,6.8,3512
1449,395869,1/24/2017,2.72,3513
1450,395870,1/24/2017,49.64,3523
1451,395871,1/24/2017,97.24,3524
1452,395872,1/24/2017,40.12,3526
1453,395873,1/24/2017,52.36,3527
1454,395874,1/24/2017,19.72,3529
1455,395875,1/24/2017,97.92,3530
1456,395876,1/24/2017,49.64,3531
1457,395877,1/24/2017,22.44,3535
1458,395878,1/24/2017,0.68,3537
1459,395879,1/24/2017,66.64,3538
1460,395880,1/24/2017,11.56,3539
1461,395881,1/24/2017,6.46,3540
1462,395882,1/24/2017,59.84,3541
1463,395883,1/24/2017,5.44,3542
1464,395884,1/24/2017,36.38,3543
1465,395885,1/24/2017,11.78666667,3544
1466,395886,1/24/2017,49.64,3545
1467,395887,1/24/2017,66.64,3546
1468,395888,1/24/2017,76.84,3549
1469,395889,1/24/2017,42.84,3550
1470,395890,1/24/2017,48.28,3551
1471,395891,1/24/2017,46.58,3552
1472,395892,1/24/2017,12.92,3554
1473,395893,1/24/2017,40.68666667,3555
1474,395894,1/24/2017,44.2,3558
1475,395895,1/24/2017,23.12,3559
1476,395896,1/24/2017,45.56,3560
1477,395897,1/24/2017,16.61142857,3561
1478,395898,1/24/2017,41.48,3562
1479,395899,1/24/2017,34.34,3563
1480,395900,1/24/2017,34.70615385,3564
1481,395901,1/24/2017,18.224,3565
1482,395902,1/24/2017,45.67333333,3567
1483,395903,1/24/2017,35.87,3576
1484,395904,1/24/2017,21.98666667,3577
1485,395905,1/24/2017,14.96,3578
1486,395906,1/24/2017,23.99428571,3580
1487,395907,1/24/2017,31.28,3581
1488,395908,1/24/2017,43.69,3582
1489,395909,1/24/2017,52.02,3583
1490,395910,1/24/2017,5.44,3584
1491,395911,1/24/2017,42.61333333,3585
1492,395912,1/24/2017,62.56,3586
1493,395913,1/24/2017,57.57333333,3587
1494,395914,1/24/2017,39.44,3588
1495,395915,1/24/2017,6.392,3589
1496,395916,1/24/2017,62.9,3590
1497,395917,1/24/2017,3.4,3591
1498,395918,1/24/2017,35.36,3592
1499,395919,1/24/2017,20.672,3593
1500,395920,1/24/2017,42.16,3594
1501,395921,1/24/2017,34.68,3595
1502,395922,1/24/2017,20.91,3596
1503,395923,1/24/2017,30.37333333,3597
1504,395924,1/24/2017,61.2,3598
1505,395925,1/24/2017,6.12,3599
1506,395926,1/24/2017,33.32,3600
1507,395927,1/24/2017,45.22,3601
1508,395928,1/24/2017,23.97,3603
1509,395929,1/24/2017,44.88,3604
1510,395930,1/24/2017,34.22666667,3608
1511,395931,1/24/2017,10.42666667,3610
1512,395932,1/24/2017,18.785,3612
1513,395933,1/24/2017,19.72,3615
1514,395934,1/24/2017,56.44,3616
1515,395935,1/24/2017,24.59333333,3617
1516,395936,1/24/2017,26.52,3619
1517,395937,1/24/2017,31.28,3622
1518,395938,1/24/2017,6.46,3624
1519,395939,1/24/2017,59.84,3626
1520,395940,1/24/2017,5.78,3628
1521,395941,1/24/2017,31.96,3629
1522,395942,1/24/2017,22.1,3630
1523,395943,1/24/2017,17.17,3632
1524,395944,1/24/2017,28.22,3634
1525,395945,1/24/2017,22.1,3635
1526,395946,1/24/2017,45.56,3636
1527,395947,1/24/2017,24.14,3638
1528,395948,1/24/2017,3.4,3642
1529,395949,1/24/2017,0.68,3645
1530,395950,1/24/2017,2.04,3647
1531,395951,1/24/2017,3.74,3649
1532,395952,1/24/2017,3.173333333,3650
1533,395953,1/24/2017,36.04,3651
1534,395954,1/24/2017,0.68,3652
1535,395955,1/24/2017,19.04,3653
1536,395956,1/24/2017,28.78666667,3654
1537,395957,1/24/2017,47.6,3656
1538,395958,1/24/2017,0.68,3659
1539,395959,1/24/2017,4.08,3660
1540,395960,1/24/2017,35.02,3664
1541,395961,1/24/2017,44.2,3665
1542,395962,1/24/2017,26.52,3666
1543,395963,1/24/2017,49.86666667,3668
1544,395964,1/24/2017,34.45333333,3669
1545,395965,1/24/2017,43.52,3670
1546,395966,1/24/2017,32.18666667,3671
1547,395967,1/24/2017,8.16,3673
1548,395968,1/24/2017,39.1,3675
1549,395969,1/24/2017,7.14,3676
1550,395970,1/24/2017,7.48,3677
1551,395971,1/24/2017,37.4,3679
1552,395972,1/24/2017,51.0,3682
1553,395973,1/24/2017,27.65333333,3683
1554,395974,1/24/2017,27.65333333,3685
1555,395975,1/24/2017,34.34,3686
1556,395976,1/24/2017,36.72,3687
1557,395977,1/24/2017,8.84,3688
1558,395978,1/24/2017,8.16,3689
1559,395979,1/24/2017,11.56,3691
1560,395980,1/24/2017,33.405,3697
1561,395981,1/24/2017,57.12,3698
1562,395982,1/24/2017,25.16,3699
1563,395983,1/24/2017,34.34,3700
1564,395984,1/24/2017,62.56,3702
1565,395985,1/24/2017,36.49333333,3703
1566,395986,1/24/2017,14.28,3704
1567,395987,1/24/2017,40.41142857,3705
1568,395988,1/24/2017,51.0,3706
1569,395989,1/24/2017,41.072,3707
1570,395990,1/24/2017,52.36,3708
1571,395991,1/24/2017,27.71,3709
1572,395992,1/24/2017,72.42,3710
1573,395993,1/24/2017,14.552,3711
1574,395994,1/24/2017,32.64,3712
1575,395995,1/24/2017,28.56,3713
1576,395996,1/24/2017,23.34666667,3714
1577,395997,1/24/2017,49.13,3715
1578,395998,1/24/2017,17.0,3716
1579,395999,1/24/2017,4.08,3717
1580,396000,1/24/2017,32.18666667,3718
1581,396001,1/24/2017,7.48,3720
1582,396002,1/24/2017,35.904,3721
1583,396003,1/24/2017,18.16571429,3723
1584,396004,1/24/2017,33.32,3727
1585,396005,1/24/2017,3.4,3732
1586,396006,1/24/2017,9.52,3735
1587,396007,1/24/2017,35.36,3739
1588,396008,1/24/2017,76.84,3741
1589,396009,1/24/2017,80.92,3742
1590,396010,1/24/2017,18.36,3743
1591,396011,1/24/2017,20.4,3745
1592,396012,1/24/2017,95.2,3748
1593,396013,1/24/2017,31.96,3751
1594,396014,1/24/2017,19.72,3753
1595,396015,1/24/2017,29.24,3756
1596,396016,1/24/2017,31.39333333,3759
1597,396017,1/24/2017,2.72,3760
1598,396018,1/24/2017,18.92666667,3761
1599,396019,1/24/2017,55.08,3762
1600,396020,1/24/2017,78.2,3763
1601,396021,1/24/2017,65.96,3764
1602,396022,1/24/2017,15.776,3765
1603,396023,1/24/2017,35.768,3766
1604,396024,1/24/2017,70.04,3767
1605,396025,1/24/2017,25.84,3768
1606,396026,1/24/2017,19.72,3769
1607,396027,1/24/2017,7.48,3770
1608,396028,1/24/2017,40.34666667,3771
1609,396029,1/24/2017,28.56,3772
1610,396030,1/24/2017,76.84,3773
1611,396031,1/24/2017,88.4,3775
1612,396032,1/24/2017,45.56,3787
1613,396033,1/24/2017,38.76,3789
1614,396034,1/24/2017,34.68,3792
1615,396035,1/24/2017,64.26,3794
1616,396036,1/24/2017,10.2,3795
1617,396037,1/24/2017,55.42,3796
1618,396038,1/24/2017,44.2,3797
1619,396039,1/24/2017,27.54,3798
1620,396040,1/24/2017,52.13333333,3799
1621,396041,1/24/2017,16.66,3800
1622,396042,1/24/2017,45.73,3801
1623,396043,1/24/2017,6.8,3802
1624,396044,1/24/2017,17.34,3803
1625,396045,1/24/2017,17.17,3804
1626,396046,1/24/2017,24.02666667,3806
1627,396047,1/24/2017,11.03111111,3808
1628,396048,1/24/2017,7.48,3810
1629,396049,1/24/2017,4.42,3811
1630,396050,1/24/2017,26.86,3813
1631,396051,1/24/2017,7.48,3814
1632,396052,1/24/2017,72.08,3815
1633,396053,1/24/2017,0.68,3816
1634,396054,1/24/2017,4.76,3818
1635,396055,1/24/2017,21.488,3823
1636,396056,1/24/2017,9.52,3827
1637,396057,1/24/2017,4.08,3830
1638,396058,1/24/2017,12.92,3831
1639,396059,1/24/2017,7.48,3832
1640,396060,1/24/2017,17.68,3833
1641,396061,1/24/2017,4.42,3840
1642,396062,1/24/2017,17.34,3841
1643,396063,1/24/2017,8.84,3842
1644,396064,1/24/2017,12.92,3843
1645,396065,1/24/2017,3.06,3848
1646,396066,1/24/2017,38.42,3851
1647,396067,1/24/2017,48.73333333,3852
1648,396068,1/24/2017,22.44,3853
1649,396069,1/24/2017,17.85,3854
1650,396070,1/24/2017,6.8,3855
1651,396071,1/24/2017,12.24,3857
1652,396072,1/24/2017,29.41,3859
1653,396073,1/24/2017,30.26,3860
1654,396074,1/24/2017,53.04,3874
1655,396075,1/24/2017,69.36,3875
1656,396076,1/24/2017,47.43,3876
1657,396077,1/24/2017,41.48,3878
1658,396078,1/24/2017,32.86666667,3882
1659,396079,1/24/2017,43.69,3883
1660,396080,1/24/2017,26.74666667,3884
1661,396081,1/24/2017,38.53333333,3885
1662,396082,1/24/2017,47.37333333,3886
1663,396083,1/24/2017,36.176,3887
1664,396084,1/24/2017,13.6,3889
1665,396085,1/24/2017,23.12,3890
1666,396086,1/24/2017,27.37,3891
1667,396087,1/24/2017,65.28,3892
1668,396088,1/24/2017,31.28,3894
1669,396089,1/24/2017,36.04,3896
1670,396090,1/24/2017,31.96,3897
1671,396091,1/24/2017,31.96,3909
1672,396092,1/24/2017,60.52,3910
1673,396093,1/24/2017,2.04,3914
1674,396094,1/24/2017,42.84,3918
1675,396095,1/24/2017,98.6,3920
1676,396096,1/24/2017,61.88,3921
1677,396097,1/24/2017,3.4,3922
1678,396098,1/24/2017,9.52,3923
1679,396099,1/24/2017,66.64,3924
1680,396100,1/24/2017,20.85333333,3926
1681,396101,1/24/2017,20.91,3927
1682,396102,1/24/2017,0.68,3928
1683,396103,1/24/2017,65.28,3932
1684,396104,1/24/2017,53.72,3934
1685,396105,1/24/2017,46.01333333,3935
1686,396106,1/24/2017,26.29333333,3936
1687,396107,1/24/2017,27.2,3937
1688,396108,1/24/2017,66.81,3938
1689,396109,1/24/2017,24.70666667,3940
1690,396110,1/24/2017,37.06,3961
1691,396111,1/24/2017,44.88,3964
1692,396112,1/24/2017,9.746666667,3965
1693,396113,1/24/2017,6.573333333,3971
1694,396114,1/24/2017,2.04,3973
1695,396115,1/24/2017,20.4,3974
1696,396116,1/24/2017,3.4,3975
1697,396117,1/24/2017,8.84,3976
1698,396118,1/24/2017,8.16,3977
1699,396119,1/24/2017,4.08,3978
1700,396120,1/24/2017,4.08,3980
1701,396121,1/24/2017,31.62,3981
1702,396122,1/24/2017,36.72,3982
1703,396123,1/24/2017,14.73333333,3986
1704,396124,1/24/2017,21.76,3988
1705,396125,1/24/2017,4.08,3989
1706,396126,1/24/2017,17.34,3990
1707,396127,1/24/2017,30.82666667,3991
1708,396128,1/24/2017,46.92,3993
1709,396129,1/24/2017,21.42,4012
1710,396130,1/24/2017,57.12,4013
1711,396131,1/24/2017,32.39272727,4014
1712,396132,1/24/2017,45.78666667,4018
1713,396133,1/24/2017,34.68,4019
1714,396134,1/24/2017,83.64,4020
1715,396135,1/24/2017,13.14666667,4024
1716,396136,1/24/2017,2.72,4025
1717,396137,1/24/2017,79.56,4027
1718,396138,1/24/2017,81.6,4028
1719,396139,1/24/2017,71.4,4054
1720,396140,1/24/2017,28.22,4055
1721,396141,1/24/2017,60.52,4056
1722,396142,1/24/2017,17.68,4058
1723,396143,1/24/2017,17.68,4059
1724,396144,1/24/2017,12.92,4060
1725,396145,1/24/2017,10.88,4061
1726,396146,1/24/2017,27.88,4063
1727,396147,1/24/2017,32.86666667,4065
1728,396148,1/24/2017,16.54666667,4066
1729,396149,1/24/2017,20.4,4067
1730,396150,1/24/2017,3.74,4068
1731,396151,1/24/2017,24.70666667,4069
1732,396152,1/24/2017,21.76,4070
1733,396153,1/24/2017,10.2,4071
1734,396154,1/24/2017,11.78666667,4073
1735,396155,1/24/2017,5.666666667,4075
1736,396156,1/24/2017,2.04,4079
1737,396157,1/24/2017,8.84,4080
1738,396158,1/24/2017,31.96,4082
1739,396159,1/24/2017,10.2,4083
1740,396160,1/24/2017,0.68,4085
1741,396161,1/24/2017,6.8,4087
1742,396162,1/24/2017,20.128,4089
1743,396163,1/24/2017,2.72,4094
1744,396164,1/24/2017,27.2,4095
1745,396165,1/24/2017,70.72,4099
1746,396166,1/24/2017,27.472,4101
1747,396167,1/24/2017,25.04666667,4102
1748,396168,1/24/2017,38.76,4106
1749,396169,1/24/2017,33.32,4110
1750,396170,1/24/2017,17.22666667,4112
1751,396171,1/24/2017,53.38,4123
1752,396172,1/24/2017,18.36,4125
1753,396173,1/24/2017,64.6,4127
1754,396174,1/24/2017,9.52,4135
1755,396175,1/24/2017,60.52,4136
1756,396176,1/24/2017,7.48,4137
1757,396177,1/24/2017,13.192,4139
1758,396178,1/24/2017,28.10666667,4142
1759,396179,1/24/2017,37.06,4143
1760,396180,1/24/2017,29.24,4144
1761,396181,1/24/2017,26.69,4151
1762,396182,1/24/2017,3.4,4153
1763,396183,1/24/2017,20.17333333,4155
1764,396184,1/24/2017,54.4,4156
1765,396185,1/24/2017,0.68,4159
1766,396186,1/24/2017,12.24,4160
1767,396187,1/24/2017,25.84,4161
1768,396188,1/24/2017,6.46,4162
1769,396189,1/24/2017,48.28,4163
1770,396190,1/24/2017,33.32,4164
1771,396191,1/24/2017,8.16,4165
1772,396192,1/24/2017,36.94666667,4167
1773,396193,1/24/2017,37.06,4170
1774,396194,1/24/2017,15.98,4171
1775,396195,1/24/2017,4.76,4172
1776,396196,1/24/2017,31.28,4173
1777,396197,1/24/2017,8.613333333,4174
1778,396198,1/24/2017,69.36,4176
1779,396199,1/24/2017,27.65333333,4177
1780,396200,1/24/2017,34.68,4179
1781,396201,1/24/2017,46.92,4182
1782,396202,1/24/2017,4.08,4184
1783,396203,1/24/2017,2.72,4185
1784,396204,1/24/2017,13.6,4186
1785,396205,1/24/2017,18.13333333,4189
1786,396206,1/24/2017,26.52,4191
1787,396207,1/24/2017,9.066666667,4192
1788,396208,1/24/2017,17.136,4194
1789,396209,1/24/2017,23.8,4195
1790,396210,1/24/2017,17.68,4196
1791,396211,1/24/2017,10.88,4197
1792,396212,1/24/2017,44.88,4198
1793,396213,1/24/2017,9.52,4199
1794,396214,1/24/2017,20.91,4200
1795,396215,1/24/2017,6.29,4204
1796,396216,1/24/2017,20.49714286,4205
1797,396217,1/24/2017,23.12,4206
1798,396218,1/24/2017,29.01333333,4207
1799,396219,1/24/2017,0.68,4210
1800,396220,1/24/2017,42.16,4211
1801,396221,1/24/2017,35.02,4212
1802,396222,1/24/2017,40.34666667,4214
1803,396223,1/24/2017,21.53333333,4215
1804,396224,1/24/2017,23.02285714,4216
1805,396225,1/24/2017,42.5,4218
1806,396226,1/24/2017,31.28,4220
1807,396227,1/24/2017,23.12,4222
1808,396228,1/24/2017,31.11,4223
1809,396229,1/24/2017,18.36,4224
1810,396230,1/24/2017,33.32,4225
1811,396231,1/24/2017,50.32,4226
1812,396232,1/24/2017,27.58857143,4227
1813,396233,1/24/2017,20.4,4228
1814,396234,1/24/2017,27.29714286,4229
1815,396235,1/24/2017,44.2,4230
1816,396236,1/24/2017,23.29,4231
1817,396237,1/24/2017,39.21333333,4232
1818,396238,1/24/2017,27.472,4233
1819,396239,1/24/2017,28.73,4234
1820,396240,1/24/2017,32.86666667,4235
1821,396241,1/24/2017,59.61333333,4238
1822,396242,1/24/2017,28.22,4240
1823,396243,1/24/2017,49.3,4243
1824,396244,1/24/2017,21.30666667,4245
1825,396245,1/24/2017,12.24,4246
1826,396246,1/24/2017,20.85333333,4247
1827,396247,1/24/2017,27.54,4251
1828,396248,1/24/2017,38.76,4259
1829,396249,1/24/2017,49.64,4261
1830,396250,1/24/2017,23.63,4262
1831,396251,1/24/2017,42.84,4263
1832,396252,1/24/2017,27.88,4264
1833,396253,1/24/2017,31.96,4265
1834,396254,1/24/2017,34.34,4266
1835,396255,1/24/2017,30.328,4268
1836,396256,1/24/2017,45.9,4270
1837,396257,1/24/2017,20.4,4271
1838,396258,1/24/2017,6.12,4272
1839,396259,1/24/2017,48.50666667,4275
1840,396260,1/24/2017,28.22,4276
1841,396261,1/24/2017,39.44,4282
1842,396262,1/24/2017,25.84,4283
1843,396263,1/24/2017,28.56,4285
1844,396264,1/24/2017,5.44,4286
1845,396265,1/24/2017,30.192,4289
1846,396266,1/24/2017,10.88,4290
1847,396267,1/24/2017,24.48,4291
1848,396268,1/24/2017,34.68,4292
1849,396269,1/24/2017,8.84,4293
1850,396270,1/24/2017,0.68,4294
1851,396271,1/24/2017,42.16,4295
1852,396272,1/24/2017,26.52,4296
1853,396273,1/24/2017,11.832,4297
1854,396274,1/24/2017,14.824,4299
1855,396275,1/24/2017,17.0,4300
1856,396276,1/24/2017,20.49714286,4302
1857,396277,1/24/2017,26.90857143,4304
1858,396278,1/24/2017,11.9,4305
1859,396279,1/24/2017,36.04,4306
1860,396280,1/24/2017,20.62666667,4307
1861,396281,1/24/2017,11.288,4308
1862,396282,1/24/2017,0.68,4309
1863,396283,1/24/2017,10.88,4312
1864,396284,1/24/2017,29.58,4313
1865,396285,1/24/2017,8.16,4314
1866,396286,1/24/2017,12.24,4315
1867,396287,1/24/2017,25.84,4316
1868,396288,1/24/2017,12.92,4317
1869,396289,1/24/2017,25.61333333,4319
1870,396290,1/24/2017,27.88,4321
1871,396291,1/24/2017,29.41,4322
1872,396292,1/24/2017,3.74,4324
1873,396293,1/24/2017,4.08,4326
1874,396294,1/24/2017,8.16,4327
1875,396295,1/24/2017,4.59,4328
1876,396296,1/24/2017,17.34,4329
1877,396297,1/24/2017,12.104,4330
1878,396298,1/24/2017,54.74,4331
1879,396299,1/24/2017,43.52,4332
1880,396300,1/24/2017,7.48,4333
1881,396301,1/24/2017,0.68,4334
1882,396302,1/24/2017,19.04,4338
1883,396303,1/24/2017,25.16,4339
1884,396304,1/24/2017,26.29333333,4340
1885,396305,1/24/2017,32.64,4345
1886,396306,1/24/2017,37.74,4346
1887,396307,1/24/2017,35.58666667,4353
1888,396308,1/24/2017,4.76,4369
1889,396309,1/24/2017,54.62666667,4383
1890,396310,1/24/2017,42.84,4385
1891,396311,1/24/2017,51.0,4389
1892,396312,1/24/2017,47.6,4391
1893,396313,1/24/2017,8.16,4392
1894,396314,1/24/2017,26.52,4393
1895,396315,1/24/2017,10.2,4398
1896,396316,1/24/2017,32.028,4400
1897,396317,1/24/2017,20.17333333,4402
1898,396318,1/24/2017,25.16,4403
1899,396319,1/24/2017,21.76,4404
1900,396320,1/24/2017,19.04,4406
1901,396321,1/24/2017,18.224,4407
1902,396322,1/24/2017,53.04,4409
1903,396323,1/24/2017,48.96,4410
1904,396324,1/24/2017,34.0,4413
1905,396325,1/24/2017,34.0,4415
1906,396326,1/24/2017,3.4,4417
1907,396327,1/24/2017,28.9,4421
1908,396328,1/24/2017,33.66,4422
1909,396329,1/24/2017,17.22666667,4423
1910,396330,1/24/2017,18.36,4425
1911,396331,1/24/2017,31.28,4426
1912,396332,1/24/2017,21.53333333,4427
1913,396333,1/24/2017,5.44,4428
1914,396334,1/24/2017,20.06,4429
1915,396335,1/24/2017,2.72,4430
1916,396336,1/24/2017,8.84,4431
1917,396337,1/24/2017,15.64,4432
1918,396338,1/24/2017,34.0,4433
1919,396339,1/24/2017,24.208,4440
1920,396340,1/24/2017,18.36,4441
1921,396341,1/24/2017,60.52,4442
1922,396342,1/24/2017,36.04,4443
1923,396343,1/24/2017,33.32,4444
1924,396344,1/24/2017,40.8,4446
1925,396345,1/24/2017,56.44,4447
1926,396346,1/24/2017,38.30666667,4449
1927,396347,1/24/2017,6.573333333,4450
1928,396348,1/24/2017,8.16,4493
1929,396349,1/24/2017,43.52,4494
1930,396350,1/24/2017,36.94666667,4495
1931,396351,1/24/2017,44.88,4496
1932,396352,1/24/2017,12.92,4497
1933,396353,1/24/2017,52.81333333,4498
1934,396354,1/24/2017,39.576,4499
1935,396355,1/24/2017,23.8,4500
1936,396356,1/24/2017,4.08,4503
1937,396357,1/24/2017,14.28,4504
1938,396358,1/24/2017,20.59428571,4506
1939,396359,1/24/2017,15.64,4507
1940,396360,1/24/2017,35.81333333,4511
1941,396361,1/24/2017,10.42666667,4514
1942,396362,1/24/2017,9.746666667,4515
1943,396363,1/24/2017,24.14,4516
1944,396364,1/24/2017,7.14,4519
1945,396365,1/24/2017,10.54,4528
1946,396366,1/24/2017,15.3,4530
1947,396367,1/24/2017,19.38,4532
1948,396368,1/24/2017,25.5,4533
1949,396369,1/24/2017,37.06,4534
1950,396370,1/24/2017,4.76,4535
1951,396371,1/24/2017,7.48,4537
1952,396372,1/24/2017,17.0,4540
1953,396373,1/24/2017,13.6,4545
1954,396374,1/24/2017,16.83,4546
1955,396375,1/24/2017,20.4,4547
1956,396376,1/24/2017,14.28,4549
1957,396377,1/24/2017,55.76,4552
1958,396378,1/24/2017,18.81333333,4553
1959,396379,1/24/2017,41.65,4554
1960,396380,1/24/2017,58.14,4555
1961,396381,1/24/2017,57.12,4556
1962,396382,1/24/2017,29.92,4559
1963,396383,1/24/2017,49.64,4560
1964,396384,1/24/2017,13.6,4562
1965,396385,1/24/2017,23.12,4563
1966,396386,1/24/2017,61.2,4564
1967,396387,1/24/2017,53.04,4565
1968,396388,1/24/2017,3.4,4566
1969,396389,1/24/2017,73.89333333,4585
1970,396390,1/24/2017,36.72,4586
1971,396391,1/24/2017,42.84,4588
1972,396392,1/24/2017,76.84,4589
1973,396393,1/24/2017,51.0,4590
1974,396394,1/24/2017,11.56,4591
1975,396395,1/24/2017,53.448,4592
1976,396396,1/24/2017,22.44,4593
1977,396397,1/24/2017,18.7,4617
1978,396398,1/24/2017,40.664,4632
1979,396399,1/24/2017,17.68,4635
1980,396400,1/24/2017,60.52,4637
1981,396401,1/24/2017,28.56,4639
1982,396402,1/24/2017,24.25333333,4643
1983,396403,1/24/2017,17.68,4650
